%YAML:1.0
tLeftMat: !!opencv-matrix
   rows: 4
   cols: 1
   dt: f
   data: [ -2.10543156e-01, 2.99619079e-01, 1.54200006e+00, 1. ]
tRightMat: !!opencv-matrix
   rows: 4
   cols: 1
   dt: f
   data: [ -2.36774385e-01, -1.87916178e-02, 2.14700007e+00, 1. ]
transfMat: !!opencv-matrix
   rows: 4
   cols: 4
   dt: f
   data: [ -8.70544374e-01, -2.72009611e-01, 4.10077333e-01, 0.,
       1.74028814e-01, 6.09305739e-01, 7.73602366e-01, 0.,
       -4.60289657e-01, 7.44820356e-01, -4.83090132e-01, 0., 0., 0., 0.,
       1. ]
