%YAML:1.0
tLeftMat: !!opencv-matrix
   rows: 4
   cols: 1
   dt: f
   data: [ -2.01657608e-01, 3.01142037e-01, 1.53600001e+00, 1. ]
tRightMat: !!opencv-matrix
   rows: 4
   cols: 1
   dt: f
   data: [ -2.43557572e-01, -2.66391113e-02, 2.17400002e+00, 1. ]
transfMat: !!opencv-matrix
   rows: 4
   cols: 4
   dt: f
   data: [ -8.82343173e-01, -2.61361778e-01, 3.91357422e-01, 0.,
       1.97605133e-01, 5.48979044e-01, 8.12141657e-01, 0.,
       -4.27109897e-01, 7.93921828e-01, -4.32741582e-01, 0., 0., 0., 0.,
       1. ]
