%YAML:1.0
tLeftMat: !!opencv-matrix
   rows: 4
   cols: 1
   dt: f
   data: [ -4.01197076e-02, 1.78995639e-01, 1.76300001e+00, 1. ]
tRightMat: !!opencv-matrix
   rows: 4
   cols: 1
   dt: f
   data: [ -2.80192047e-01, 8.20074230e-02, 1.95200002e+00, 1. ]
transfMat: !!opencv-matrix
   rows: 4
   cols: 4
   dt: f
   data: [ -9.21885073e-01, -2.17266083e-01, -3.20816725e-01, 0.,
       5.81692010e-02, 7.41001248e-01, -6.68979406e-01, 0.,
       3.83072168e-01, -6.35383785e-01, -6.70479774e-01, 0., 0., 0., 0.,
       1. ]
